
[1, 0, 0, 1, 1, 0, 1, 1, 0, 1, 1, 0, 0, 1]

[37.740195132809923, 58.31316569417455, 57.583642664837889, 62.613487454278854, 55.771023342996088, 67.236397318099336]

-------------------------------------------

[0, 0, 0, 1, 1, 0, 1, 1, 0, 1, 1, 0, 0, 1]

[31.272437387687628, 53.232720094252116, 52.968881494170745, 48.10951282480449, 51.491731239004629, 59.016136746145996]

-------------------------------------------

[0, 0, 0, 1, 1, 0, 1, 1, 0, 1, 1, 0, 0, 1]

[37.859455534915398, 53.847306055552423, 58.965041169957502, 61.838587130397272, 68.748265874690134, 61.08538067743509]

-------------------------------------------

[0, 0, 0, 0, 1, 0, 1, 1, 0, 1, 1, 0, 0, 1]

[32.477353261022351, 53.625818897524738, 54.387886307497638, 53.628143595178052, 57.944820505751409, 53.849273603102958]

-------------------------------------------

[1, 0, 0, 0, 1, 0, 1, 1, 0, 1, 1, 0, 0, 1]

[33.017915004041747, 50.407865155300932, 54.120190309915948, 56.036475180882512, 57.952883109907809, 56.725705238357314]

-------------------------------------------

[0, 0, 0, 0, 1, 0, 1, 1, 0, 1, 1, 0, 1, 1]

[36.635439277281662, 60.270334983519483, 56.845412271828053, 58.007615849293487, 55.684607829514988, 56.51394540936576]

------------------------------------------------------------------------------------------------------------------------

[1, 0, 0, 0, 0, 0, 0, 0, 0, 0, 0, 0, 0, 0]

[29.746657664509968, 52.94408263053009, 55.027372283298497, 53.295254240562123, 54.005170999177409, 53.470705699611528]

-------------------------------------------

[0, 1, 0, 0, 0, 0, 0, 0, 0, 0, 0, 0, 0, 0]

[14.546327584789593, 91.251125386799643, 81.086612221127368, 97.982592026159011, 87.016671376344107, 89.759437883695099]

-------------------------------------------

[0, 0, 0, 1, 0, 0, 0, 0, 0, 0, 0, 0, 0, 0]

[35.567440926679353, 40.868862463952979, 43.121017195450079, 40.689366386821888, 40.972449053757984, 42.090836190788217]

-------------------------------------------

[0, 0, 0, 0, 1, 0, 0, 0, 0, 0, 0, 0, 0, 0]

[37.701048917906895, 66.596790754066205, 64.704803864378391, 58.132665274618844, 70.43252400551728, 79.744072281286577]

-------------------------------------------

[0, 0, 0, 0, 0, 1, 0, 0, 0, 0, 0, 0, 0, 0]

[44.148621607973602, 56.008020104752831, 57.674725018946781, 54.807771167125132, 53.955123714483463, 56.491199136715615]

-------------------------------------------

[0, 0, 0, 0, 0, 0, 1, 0, 0, 0, 0, 0, 0, 0]

[38.208906560660481, 43.309772450868294, 42.728014301943354, 44.465530417758657, 46.980376074432961, 44.358954150056839]

-------------------------------------------

[0, 0, 0, 0, 0, 0, 0, 1, 0, 0, 0, 0, 0, 0]

[46.095082914137876, 103.25531411816625, 100.86649338177051, 102.72934500825494, 127.77712814117498, 114.52159656006957]

-------------------------------------------

[0, 0, 0, 0, 0, 0, 0, 0, 1, 0, 0, 0, 0, 0]

[23.021111222222711, 64.281323052152715, 76.032069607568772, 54.81713899537845, 78.401736775104467, 71.626482848382395]

-------------------------------------------

[0, 0, 0, 0, 0, 0, 0, 0, 0, 1, 0, 0, 0, 0]

[33.959107458120783, 44.570130704950635, 49.743396456507789, 49.938578648623576, 53.763951276364182, 57.888316991682004]

-------------------------------------------

[0, 0, 0, 0, 0, 0, 0, 0, 0, 0, 1, 0, 0, 0]

[43.008053055855697, 45.836228900361874, 45.80512027459195, 46.47789740675686, 46.297165939817262, 47.820785852738439]

-------------------------------------------

[0, 0, 0, 0, 0, 0, 0, 0, 0, 0, 0, 1, 0, 0]

[35.296080931906104, 43.415470112799994, 47.712775874158645, 61.259298257881966, 60.866078340725636, 56.958696122309242]

-------------------------------------------

[0, 0, 0, 0, 0, 0, 0, 0, 0, 0, 0, 0, 1, 0]

[24.952998558968517, 92.280725942017312, 80.56223301134645, 99.653723118730412, 101.1431315620849, 123.43707178751961]

-------------------------------------------

[0, 0, 0, 0, 0, 0, 0, 0, 0, 0, 0, 0, 0, 1]

[40.725148485206368, 44.301164953869744, 44.80314777871142, 46.0446828740182, 45.248371268081875, 45.33985930190164]

----------------------------------------------------------------------------------------------------------------

[0, 0, 0, 1, 0, 0, 1, 0, 0, 0, 1, 0, 0, 1]
[32.578414931549617, 44.8726378928556, 42.666852381283242, 45.118993440908959, 44.292819266114684, 43.016395986834922]
-------------------------------------------
[0, 0, 1, 1, 0, 0, 1, 0, 0, 0, 1, 0, 0, 1]
[2.3345874000941498, 89.298046806223425, 96.196756800313068, 109.99660451945944, 95.031601473193348, 106.12468054600679]
-------------------------------------------
[0, 0, 0, 1, 0, 0, 1, 0, 0, 0, 1, 0, 0, 1]
[39.301141682624269, 48.129373706155384, 53.435776730715894, 47.963050511350559, 53.064377955670459, 50.298720316814425]
-------------------------------------------
